accuracy = 0.83515625
recall = 0.818359375
precision = 0.8410276997189884
