accuracy = 0.82578125
recall = 0.82109375
precision = 0.8354531001589826
